   0.435994902142004   0.025926231827891   0.549662477878709   0.435322392618277
   0.420367802087489   0.330334821003874   0.204648634037843   0.619270966350664
   0.299654673674523   0.266827275102867   0.621133832769295   0.529142094277039
   0.134579945344934   0.513578121265746   0.184439865646915   0.785335147816673
   0.853975292639489   0.494236837381928   0.846561485357468   0.079645477009061
   0.505246090121704   0.065286504386878   0.428122327597389   0.096530915660613
   0.127159971701277   0.596745308978596   0.226012000604236   0.106945684309983
   0.220306207070560   0.349826285003299   0.467787484582300   0.201743226264965
   0.640406725214915   0.483069835551752   0.505236720018549   0.386892651118559
   0.793637454441577   0.580004178877807   0.162298598502314   0.700752346607156
   0.964551080089255   0.500008361170217   0.889520063946145   0.341613652671110
   0.567144127627709   0.427545963296110   0.436747263026799   0.776559184997100
   0.535604173497656   0.953742226944867   0.544208160148102   0.082094922275025
   0.366342401675020   0.850850504004502   0.406275043047951   0.027202365894850
   0.247177238997353   0.067144370736955   0.993852011421273   0.970580313377174
   0.800258351132587   0.601817121405467   0.764959860451682   0.169225446584178
   0.293023231819440   0.524066875300364   0.356624281122759   0.045678965245400
   0.983153445357213   0.441354919354847   0.504000439379153   0.323541317534699
   0.259744752747137   0.386889885320762   0.832016899634501   0.736747056287113
   0.379210566941637   0.013017336694551   0.797404939032594   0.269388797596301
   0.582684888529035   0.025550941849693   0.662202019268326   0.387523425873281
   0.497073798734513   0.414905837374687   0.350871901301640   0.550977905324419
   0.972910689874825   0.112776215238071   0.313258528429714   0.041797709815310
   0.738399758620900   0.657512387659044   0.214635746399954   0.416753440195337
   0.643841934148195   0.661481326715441   0.170477133483771   0.881652235748549
   0.778008159808468   0.133954208171691   0.868916626432079   0.748777878276854
   0.798585654099081   0.543345230583903   0.220837915061462   0.918458646589601
   0.592084577666376   0.346237909455146   0.263778529280020   0.913915477165132
   0.419735461306821   0.540191515667131   0.608442157805050   0.826249828434158
   0.623563184562131   0.176712161584426   0.591257352653546   0.489266166994859
   0.547907780090377   0.699520619790548   0.245811163904131   0.186627145586480
   0.110583147796161   0.274059252536054   0.010250039399591   0.629359722829582
   0.295172305219742   0.187286544701898   0.095288052260804   0.283755807465255
   0.214924384130695   0.285603733910902   0.471409857469679   0.549496821088408
   0.845113115574702   0.988509700784164   0.048868086229351   0.232118251436164
   0.643311427248235   0.161466562891677   0.870145893369001   0.217402426305026
   0.741755038883449   0.653020513231101   0.798885511504630   0.031247562265262
   0.229574028744345   0.704627499120459   0.087562509001123   0.030589483194319
   0.357134933699561   0.589781991471764   0.052222727384160   0.065663666206378
   0.043501186059716   0.395150758467504   0.668427046016058   0.198027111816170
   0.876266451704159   0.432389095444847   0.619641463709965   0.290426742934988
   0.615254573464276   0.953659962382323   0.448014716524090   0.207049838253314
   0.425367291905386   0.444574264763758   0.507617486671961   0.525733249810958
   0.042429191882546   0.164419086170120   0.450227179617373   0.707971170618921
   0.777587908305534   0.777102999469645   0.502778752509221   0.956747593307248
   0.331873712539876   0.481458162346033   0.748373999341036   0.857839518439514
   0.414460055132912   0.848684514267323   0.444570941750709   0.715747084286354
   0.008448363578820   0.025201423670749   0.940450493542089   0.102137948231193
   0.661967790439708   0.283258743821121   0.200842343775445   0.388334182114759
   0.925901596508499   0.570274209750719   0.916714611957883   0.702264240819725
   0.501216451687087   0.506086833512639   0.218820786329373   0.004663522735050
   0.417836244002716   0.563376110339035   0.876561868423327   0.677584840227909
   0.842333046103471   0.926161286924920   0.941115873633622   0.816019151924394
   0.131394605479444   0.346630014990264   0.208502494525522   0.867381537156523
   0.792330219306258   0.349001640683859   0.569140532055635   0.805131540255702
   0.833161244733976   0.205793676950072   0.730680200526116   0.803414164159449
   0.043129036353363   0.107187404231580   0.435083649858828   0.220881221860744
   0.880622066165681   0.719687537724411   0.713007293546981   0.769859656992702
   0.330747026169405   0.228610251833099   0.626343959201026   0.414479249525389
   0.936781072234186   0.642452418902792   0.386900343012368   0.855119660804191
   0.380792583716208   0.178309827777720   0.781659425666081   0.472208587415801
   0.259480404404277   0.692399245881231   0.980485078998778   0.246253588967790
   0.790243802594045   0.762335244224059   0.120039792177414   0.838902594559001
   0.461738904756532   0.125781382553088   0.536343473096069   0.296512750794629
   0.175724193256731   0.079238170700800   0.198899091829499   0.429588619056414
   0.641811763628832   0.087379178789796   0.715730587770965   0.101744810963382
   0.175599070908822   0.713321562157411   0.885263674410489   0.983138361043072
   0.652906950701215   0.477736353006375   0.087787554884994   0.558950794697277
   0.181150229408646   0.514402060471221   0.608930148934392   0.833212490122604
   0.323750582256147   0.988862093319707   0.994950259967793   0.826150819439797
   0.694152545425183   0.733669798096977   0.875268809804663   0.951510148345732
   0.852262926597551   0.640938639778864   0.073498384714437   0.623384714295839
   0.353213891785519   0.164778623224296   0.893166186567043   0.824890481206679
   0.526638423852833   0.463449256153572   0.489301288127126   0.260720019719452
   0.402637923133147   0.436669879727030   0.015056134248370   0.892905883078716
   0.029149317847512   0.372892884011726   0.095873314692772   0.196964320350039